-73.59
-72.86
-72.85
-73.20
-72.97
-75.14
-74.26
-73.07
-72.74
-73.60
-73.30
-73.62
-75.32
-74.01
-73.36
-72.40
-74.21
-73.29
-73.18
-73.50
-73.24
-72.64
-72.62
-72.64
-73.88
-72.78
-73.81
-73.71
-73.62
-73.39
-73.91
-72.36
-72.57
-72.66
-72.40
-73.84
-74.37
-73.77
-73.57
-74.29
-74.22
-73.98
-72.86
-73.58
-72.56
-74.16
-75.03
-74.67
-72.63
-72.85
-73.00
-71.73
-73.48
-75.39
-73.25
-72.53
-73.78
-72.87
-73.13
-73.07
-73.79
-72.20
-73.36
-74.48
-74.69
-73.20
-73.86
-73.27
-74.01
-73.09
-72.64
-72.89
-73.09
-73.16
-73.05
-74.11
-73.77
-73.71
-72.29
-73.43
-73.83
-73.10
-73.12
-72.98
-73.98
-73.10
-72.19
-73.58
-74.16
-73.35
-73.22
-73.34
-73.16
-72.96
-73.08
-72.70
-74.37
-73.46
-73.58
-73.94
-74.96
-73.62
-73.61
-73.84
-74.32
-73.17
-72.52
-74.29
-73.40
-73.49
-72.97
-73.08
-73.45
-73.32
-75.03
-73.62
-73.70
-73.49
-72.90
-73.83
-73.37
-74.44
-73.19
-73.57
-73.00
-72.80
-74.06
-73.39
-74.03
-74.01
-74.26
-72.60
-73.69
-73.38
-73.94
-72.44
-73.53
-72.96
-72.19
-73.63
-72.46
-71.97
-72.87
-72.08
-71.80
-71.98
-72.11
-71.15
-72.52
-71.29
-71.10
-71.02
-71.15
-71.53
-70.77
-70.34
-71.17
-71.28
-71.79
-72.06
-71.76
-71.21
-72.37
-71.78
-73.02
-72.08
-71.97
-72.65
-71.67
-72.29
-72.37
-71.87
-72.29
-72.45
-71.95
-72.06
-73.34
-71.54
-71.34
-73.06
-73.00
-72.12
-71.64
-72.82
-72.35
-72.32
-72.31
-72.52
-71.79
-72.07
-72.43
-72.70
-72.44
-73.50
-72.13
-71.83
-72.33
-73.09
-72.53
-72.15
-72.53
-73.26
-73.22
-73.12
-72.15
-73.53
-71.85
-71.50
-73.55
-72.54
-72.58
-73.06
-72.27
-73.85
-72.22
-72.46
-72.00
-72.98
-72.69
-73.37
-73.05
-73.15
-72.46
-72.28
-72.21
-72.38
-72.33
-71.89
-72.17
-72.90
-72.09
-72.75
-73.24
-72.02
-71.84
-71.99
-71.48
-71.84
-72.54
-72.80
-73.48
-72.48
-72.10
-72.77
-71.72
-72.20
-71.68
-73.02
-71.48
-72.27
-71.59
-71.78
-72.58
-72.47
-72.31
-73.02
-72.44
-72.23
-71.62
-72.75
-72.57
-71.07
-71.95
-72.41
-72.53
-71.89
-72.10
-73.07
-72.65
-73.66
-72.61
-71.59
-71.97
-72.05
-70.97
-71.89
-71.39
-71.93
-71.91
-72.50
-72.03
-71.61
-72.23
-72.26
-72.89
-72.56
-70.98
-72.51
-72.75
-71.94
-71.15
-70.90
-71.49
-72.59
-72.31
-71.74
-71.66
-71.70
-71.82
-71.91
-71.55
-72.42
-71.65
-71.38
-70.82
-72.05
-72.61
-71.98
-71.79
-72.38
-72.32
-71.30
-71.72
-71.84
-71.82
-72.29
-72.25
-71.98
-71.78
-71.39
-71.39
-71.95
-71.72
-71.72
-71.06
-71.86
-71.95
-72.29
-72.59
-71.59
-70.90
-72.34
-70.94
-71.38
-72.01
-71.26
-70.95
-70.87
-72.14
-70.96
-71.77
-71.88
-71.80
-71.40
-71.39
-70.89
-71.70
-70.91
-70.29
-70.73
-71.22
-71.09
-71.28
-71.24
-70.13
-70.60
-70.58
-70.90
-72.01
-71.70
-71.60
-70.97
-70.89
-70.70
-70.84
-71.33
-70.43
-70.31
-71.10
-70.98
-70.91
-70.24
-71.30
-71.89
-70.76
-70.70
-72.39
-71.27
-72.28
-72.43
-71.76
-71.62
-71.91
-72.04
-72.32
-72.22
-72.61
-71.89
-71.75
-71.62
-72.29
-71.33
-72.28
-72.51
-72.43
-71.76
-70.69
-71.72
-71.90
-71.17
-71.22
-70.66
-71.52
-71.44
-72.33
-72.28
-71.95
-71.65
-72.16
-71.57
-71.03
-70.97
-71.21
-71.69
-71.50
-71.40
-72.13
-71.48
-71.00
-71.17
-71.14
-70.67
-71.57
-71.09
-70.97
-71.41
-70.89
-70.39
-71.21
-70.74
-70.86
-70.56
-71.98
-71.30
-71.89
-71.80
-71.45
-70.98
-70.74
-71.09
-71.94
-71.59
-71.56
-71.27
-70.44
-70.61
-71.12
-70.85
-70.26
-70.60
-70.71
-70.99
-71.23
-71.48
-70.18
-70.05
-70.87
-70.57
-70.40
-70.65
-71.26
-71.42
-70.96
-71.08
-70.45
-70.62
-70.47
-70.62
-71.01
-70.72
-70.50
-70.98
-71.05
-70.42
-71.13
-71.74
-70.70
-70.79
-70.59
-71.22
-70.30
-70.65
-70.69
-70.40
-70.52
-70.36
-70.17
-70.02
-70.06
-70.61
-70.50
-70.90
-70.80
-70.10
-70.60
-69.85
-70.93
-70.96
-71.01
-70.55
-70.51
-69.76
-70.61
-70.22
-70.70
-70.42
-70.44
-70.54
-70.50
-70.29
-70.59
-70.67
-69.83
-70.47
-70.36
-70.58
-70.13
-69.69
-69.97
-69.85
-69.64
-70.28
-69.99
-70.66
-70.18
-69.99
-70.67
-70.14
-69.93
-69.49
-69.56
-69.40
-69.23
-69.97
-69.55
-69.66
-70.75
-70.72
-70.10
-69.48
-70.05
-69.42
-70.05
-69.29
-69.61
-69.74
-69.84
-69.60
-70.03
-69.42
-69.80
-69.57
-69.93
-69.40
-69.54
-69.85
-69.84
-69.74
-69.50
-69.20
-69.40
-69.38
-69.57
-69.45
-69.25
-69.78
-69.91
-69.99
-70.02
-69.76
-69.40
-69.41
-69.30
-70.10
-69.13
-68.66
-69.27
-69.77
-69.25
-69.53
-69.59
-69.26
-69.27
-69.46
-69.24
-69.50
-69.49
-69.38
-69.43
-68.82
-69.32
-69.31
-68.88
-69.19
-69.10
-69.16
-69.46
-69.69
-69.05
-69.65
-69.19
-68.77
-69.17
-68.17
-68.65
-69.21
-68.22
-68.34
-67.85
-67.71
-67.90
-67.97
-67.84
-67.44
-67.40
-67.19
-67.20
-66.75
-66.64
-65.89
-65.49
-64.95
-64.65
-64.12
-63.88
-63.65
-63.30
-62.88
-62.93
-62.73
-62.26
-62.12
-61.81
-61.90
-61.66
-61.58
-61.71
-61.54
-61.56
-61.67
-62.04
-62.17
-62.69
-62.85
-63.01
-63.56
-63.80
-63.91
-64.07
-64.20
-64.61
-64.51
-64.62
-65.09
-65.25
-65.08
-65.40
-65.42
-65.62
-65.80
-65.82
-66.09
-66.28
-66.19
-66.41
-65.80
-66.21
-66.09
-66.21
-66.24
-66.29
-66.21
-66.50
-66.73
-66.77
-66.64
-66.70
-66.53
-66.67
-66.83
-66.51
-66.67
-66.51
-66.46
-66.68
-66.74
-66.40
-66.43
-66.72
-66.72
-66.51
-66.56
-66.52
-66.68
-66.35
-66.38
-66.37
-66.36
-66.38
-66.38
-66.04
-66.55
-66.31
-66.76
-66.51
-66.69
-66.95
-66.73
-66.39
-66.62
-66.55
-66.47
-66.34
-66.19
-66.24
-66.50
-66.47
-66.50
-66.25
-66.00
-66.43
-66.56
-66.38
-66.37
-66.38
-66.42
-66.24
-66.26
-66.00
-65.75
-66.22
-66.11
-66.24
-66.27
-66.17
-66.33
-66.21
-65.91
-66.09
-65.75
-66.11
-65.84
-65.86
-65.75
-65.88
-65.91
-65.72
-66.15
-66.11
-66.08
-66.09
-65.93
-65.87
-65.94
-65.97
-65.92
-65.78
-65.37
-65.29
-65.30
-65.45
-65.45
-65.74
-65.77
-65.47
-65.67
-65.73
-65.66
-65.40
-65.75
-65.30
-65.31
-65.25
-64.86
-65.24
-65.18
-65.30
-65.51
-65.38
-65.00
-65.54
-65.19
-65.26
-65.34
-65.00
-64.85
-64.71
-64.58
-64.78
-64.62
-64.79
-64.76
-64.77
-64.64
-64.88
-65.18
-64.92
-65.05
-64.78
-64.77
-64.71
-64.51
-64.21
-64.23
-64.35
-64.29
-64.44
-64.42
-64.38
-64.52
-64.56
-64.65
-64.38
-64.29
-64.12
-63.92
-63.90
-63.52
-63.57
-63.81
-63.83
-64.01
-63.80
-63.82
-63.66
-63.88
-63.92
-63.81
-63.90
-63.69
-63.41
-63.25
-63.15
-63.08
-63.18
-63.04
-63.02
-63.14
-63.24
-63.09
-63.21
-63.27
-63.20
-63.14
-62.80
-62.71
-62.79
-62.47
-62.32
-62.42
-62.43
-62.24
-62.27
-62.32
-62.15
-62.27
-62.25
-62.25
-62.13
-62.12
-61.93
-61.85
-61.56
-61.29
-61.37
-61.20
-61.28
-61.11
-61.25
-61.04
-61.24
-61.15
-61.19
-61.04
-60.77
-60.67
-60.45
-60.33
-60.33
-60.06
-59.85
-59.82
-59.81
-59.65
-59.55
-59.51
-59.61
-59.46
-59.26
-59.23
-59.06
-58.80
-58.54
-58.28
-58.15
-57.91
-57.68
-57.38
-57.41
-57.20
-56.97
-57.07
-56.86
-56.46
-56.21
-56.20
-55.66
-55.46
-54.98
-54.76
-54.46
-54.18
-53.70
-53.61
-53.21
-52.92
-52.81
-52.27
-51.87
-51.41
-51.07
-50.81
-50.30
-49.95
-49.71
-49.78
-49.32
-49.31
-49.53
-49.84
-49.69
-50.22
-50.47
-50.97
-51.16
-51.71
-52.10
-52.66
-52.97
-53.43
-54.25
-54.63
-55.16
-55.99
-56.64
-57.22
-57.57
-58.51
-59.29
-59.86
-60.65
-61.24
-61.80
-62.62
-63.38
-63.80
-64.09
-64.60
-64.92
-66.00
-66.72
-67.40
-67.70
-68.85
-68.61
-68.99
-69.66
-69.75
-69.74
-69.98
-70.07
-70.70
-71.01
-70.57
-70.99
-70.50
-70.97
-72.47
-71.28
-70.15
-71.25
-71.26
-71.96
-71.34
-70.81
-71.01
-71.01
-71.01
-71.48
-70.06
-70.50
-70.35
-70.85
-69.55
-70.33
-70.32
-70.47
-69.99
-70.08
-69.73
-69.68
-69.43
-69.39
-69.22
-69.45
-69.20
-69.29
-68.88
-68.96
-69.10
-68.93
-68.36
-68.64
-68.79
-68.49
-68.48
-68.18
-68.26
-68.31
-68.14
-68.10
-67.62
-68.32
-67.63
-67.74
-67.31
-67.58
-67.58
-67.49
-67.42
-67.42
-67.01
-66.78
-66.84
-66.89
-66.85
-66.84
-66.95
-66.92
-66.76
-66.61
-66.89
-66.56
-66.40
-66.07
-66.35
-65.93
-65.80
-66.09
-66.10
-65.64
-65.89
-65.93
-65.92
-65.86
-65.80
-65.64
-65.46
-65.76
-65.46
-65.40
-65.42
-65.03
-65.24
-65.20
-65.09
-65.03
-65.22
-65.21
-65.09
-65.08
-65.08
-65.01
-65.08
-65.07
-64.85
-64.63
-64.53
-64.28
-64.46
-64.42
-64.49
-64.23
-64.20
-64.44
-64.41
-64.54
-64.54
-64.32
-64.21
-64.23
-63.82
-63.68
-63.66
-63.78
-63.94
-63.81
-63.72
-63.68
-63.57
-63.61
-63.64
-63.59
-63.64
-63.54
-63.35
-63.17
-63.10
-63.17
-63.22
-63.21
-63.08
-62.94
-63.03
-63.08
-63.03
-63.00
-63.02
-62.89
-62.74
-62.90
-62.60
-62.69
-62.50
-62.38
-62.31
-62.24
-62.31
-62.25
-62.23
-62.45
-62.45
-62.50
-62.24
-61.90
-61.95
-61.85
-62.09
-61.84
-62.09
-62.00
-61.82
-61.84
-61.76
-61.77
-61.74
-61.67
-61.80
-61.61
-61.48
-61.44
-61.27
-61.45
-61.34
-61.35
-61.22
-61.11
-60.90
-61.04
-61.05
-61.04
-60.96
-60.99
-60.88
-60.54
-60.48
-60.62
-60.77
-60.57
-60.52
-60.45
-60.42
-60.28
-60.34
-60.18
-60.28
-60.13
-59.94
-60.03
-59.89
-59.96
-60.00
-60.03
-59.79
-59.67
-59.77
-59.67
-59.51
-59.47
-59.54
-59.52
-59.40
-59.14
-59.36
-59.27
-59.12
-59.08
-58.86
-58.89
-58.93
-58.90
-58.64
-58.54
-58.50
-58.41
-58.43
-58.54
-58.43
-58.36
-58.38
-58.25
-58.02
-58.00
-57.74
-57.81
-57.60
-57.53
-57.54
-57.56
-57.63
-57.32
-57.40
-57.26
-57.30
-56.93
-56.95
-56.74
-56.71
-56.59
-56.48
-56.38
-56.31
-56.00
-56.07
-55.90
-55.94
-55.88
-55.76
-55.69
-55.72
-55.64
-55.18
-55.00
-55.10
-54.66
-54.54
-54.36
-54.19
-54.04
-54.10
-54.18
-53.89
-53.68
-53.77
-53.31
-53.04
-52.63
-52.59
-52.38
-52.09
-52.08
-51.78
-51.38
-51.23
-51.04
-50.84
-50.67
-50.31
-50.08
-49.82
-49.23
-48.94
-48.74
-48.24
-47.94
-47.57
-47.33
-47.20
-46.93
-46.42
-46.07
-46.14
-46.26
-46.12
-45.73
-45.77
-45.78
-45.87
-46.28
-46.43
-46.44
-47.04
-47.13
-47.51
-47.94
-48.41
-48.96
-49.62
-50.07
-50.77
-51.47
-51.71
-52.45
-53.02
-53.51
-54.03
-54.37
-54.83
-55.20
-56.03
-56.44
-56.66
-57.03
-57.41
-57.77
-58.08
-58.49
-58.65
-58.82
-58.88
-58.81
-59.09
-59.09
-58.98
-59.16
-59.29
-59.40
-59.62
-59.56
-59.83
-59.71
-59.97
-59.82
-59.75
-59.87
-59.62
-59.48
-59.42
-59.43
-59.29
-59.48
-59.50
-59.46
-59.35
-59.44
-59.35
-59.40
-59.44
-59.37
-59.13
-59.02
-58.88
-58.76
-58.89
-58.81
-58.77
-58.81
-58.74
-58.48
-58.61
-58.47
-58.61
-58.61
-58.57
-58.47
-58.44
-58.28
-58.07
-57.99
-58.04
-57.79
-57.97
-57.87
-57.84
-57.94
-57.75
-58.03
-57.71
-57.74
-57.64
-57.27
-57.27
-57.46
-57.37
-57.45
-57.41
-57.42
-57.30
-57.16
-57.06
-57.14
-57.25
-56.93
-56.88
-56.81
-56.77
-56.99
-56.99
-56.76
-56.53
-56.72
-56.63
-56.74
-56.66
-56.47
-56.40
-56.28
-56.43
-56.27
-56.18
-56.01
-55.95
-55.81
-55.94
-55.72
-55.82
-56.05
-56.01
-56.06
-55.93
-55.77
-55.67
-55.72
-55.51
-55.52
-55.38
-55.35
-55.23
-55.10
-55.29
-55.34
-55.39
-55.36
-55.29
-55.10
-55.26
-54.88
-54.76
-54.78
-54.88
-54.88
-54.64
-54.61
-54.56
-54.54
-54.50
-54.77
-54.56
-54.60
-54.84
-54.49
-54.37
-54.41
-54.14
-54.03
-54.02
-54.19
-54.22
-53.93
-53.87
-54.04
-53.97
-54.00
-53.96
-53.88
-53.91
-53.98
-53.66
-53.42
-53.81
-53.50
-53.34
-53.30
-53.57
-53.48
-53.41
-53.47
-53.29
-53.34
-53.56
-53.27
-53.42
-53.41
-53.10
-52.98
-53.20
-52.99
-52.84
-52.71
-52.84
-52.71
-52.94
-52.67
-52.71
-52.81
-52.66
-52.79
-52.80
-52.47
-52.55
-52.28
-52.22
-52.22
-52.29
-51.92
-52.13
-52.27
-52.33
-52.37
-52.29
-52.24
-52.08
-52.14
-52.05
-51.78
-51.73
-51.79
-51.75
-51.62
-51.41
-51.64
-51.65
-51.55
-51.70
-51.85
-51.53
-51.41
-51.25
-51.37
-51.36
-51.20
-51.35
-51.30
-51.23
-51.08
-51.04
-50.88
-50.78
-50.86
-50.86
-50.92
-50.98
-51.03
-50.86
-50.94
-50.81
-50.73
-50.52
-50.51
-50.48
-50.29
-50.32
-50.32
-50.56
-50.57
-50.63
-50.43
-50.38
-50.26
-50.12
-50.04
-50.03
-50.13
-50.12
-49.95
-49.82
-49.93
-49.72
-49.97
-49.83
-49.77
-49.62
-49.66
-49.62
-49.47
-49.48
-49.37
-49.45
-49.31
-49.37
-49.11
-49.16
-49.18
-49.21
-49.17
-49.17
-49.18
-49.36
-49.07
-49.03
-48.85
-48.89
-48.86
-48.89
-48.64
-48.63
-48.56
-48.64
-48.59
-48.56
-48.78
-48.82
-48.67
-48.45
-48.33
-48.35
-48.22
-48.16
-48.26
-48.25
-47.80
-48.06
-48.05
-48.06
-48.08
-48.10
-48.16
-47.89
-47.71
-47.83
-47.60
-47.75
-47.53
-47.33
-47.30
-47.27
-47.32
-47.56
-47.49
-47.36
-47.43
-47.24
-47.14
-47.15
-47.12
-47.03
-46.94
-46.91
-46.78
-46.46
-46.26
-46.72
-46.30
-46.40
-46.57
-46.51
-46.42
-46.54
-46.45
-46.40
-46.43
-46.26
-45.99
-46.09
-45.99
-45.98
-45.95
-45.77
-45.40
-45.71
-45.62
-45.69
-45.58
-45.58
-45.56
-45.39
-45.39
-45.36
-44.98
-45.04
-44.75
-44.69
-44.89
-44.70
-44.97
-45.17
-45.25
-44.76
-44.84
-44.60
-44.66
-44.49
-44.47
-44.13
-44.00
-43.96
-43.81
-43.83
-43.79
-43.99
-43.82
-43.92
-43.76
-43.57
-43.71
-43.56
-43.49
-43.45
-43.23
-43.05
-42.83
-42.60
-42.93
-42.79
-42.67
-42.68
-42.66
-42.77
-42.63
-42.46
-42.31
-42.30
-42.37
-42.12
-41.92
-41.41
-41.34
-41.65
-41.26
-41.37
-41.40
-41.20
-41.03
-41.07
-40.90
-40.78
-40.61
-40.47
-40.39
-40.25
-39.89
-39.57
-39.72
-39.68
-39.53
-39.40
-39.35
-39.11
-38.90
-38.86
-38.49
-38.44
-38.36
-37.97
-37.52
-37.30
-37.16
-37.12
-36.65
-36.68
-36.54
-36.42
-36.09
-35.85
-35.78
-35.37
-35.11
-35.01
-34.38
-34.24
-33.81
-34.03
-33.29
-33.18
-32.85
-32.81
-32.62
-32.51
-32.32
-32.11
-31.93
-31.90
-31.60
-31.00
-30.92
-30.70
-30.59
-30.54
-30.54
-30.76
-31.00
-31.12
-31.22
-31.43
-31.63
-31.93
-32.15
-32.93
-32.78
-32.94
-33.34
-33.54
-34.12
-34.23
-35.16
-35.37
-35.73
-36.53
-37.29
-37.83
-38.10
-38.42
-39.12
-39.82
-39.90
-40.83
-40.91
-41.38
-41.73
-42.43
-42.96
-43.45
-44.05
-44.47
-44.82
-44.98
-45.34
-46.13
-46.59
-47.67
-47.92
-48.50
-48.73
-49.13
-49.79
-49.79
-50.38
-50.66
-51.21
-51.42
-52.02
-52.30
-52.90
-53.58
-53.87
-54.07
-54.43
-55.08
-55.50
-55.70
-56.01
-56.57
-56.89
-56.97
-57.19
-57.32
-57.69
-57.94
-58.20
-58.01
-58.11
-57.99
-58.06
-58.19
-57.87
-57.84
-57.82
-57.51
-57.43
-57.41
-57.08
-57.09
-56.93
-56.70
-56.40
-56.38
-55.95
-55.90
-55.51
-55.42
-55.33
-55.15
-55.08
-54.95
-54.62
-54.66
-54.39
-54.21
-54.12
-54.12
-53.82
-53.74
-53.52
-53.01
-52.97
-52.90
-52.71
-52.64
-52.44
-52.26
-52.26
-52.10
-52.17
-52.15
-52.00
-51.96
-51.66
-51.60
-51.54
-51.29
-51.12
-50.98
-50.98
-50.65
-50.70
-50.50
-50.71
-50.68
-50.75
-50.72
-50.19
-50.27
-50.02
-49.86
-49.89
-49.73
-49.38
-49.16
-49.38
-49.42
-49.50
-49.46
-49.33
-49.30
-49.38
-49.37
-49.14
-48.99
-48.98
-48.86
-48.53
-48.46
-48.48
-48.14
-48.09
-48.29
-48.36
-48.39
-48.50
-48.60
-48.20
-48.37
-48.38
-48.04
-48.01
-47.99
-47.55
-47.41
-47.42
-47.48
-47.62
-47.56
-47.54
-47.65
-47.74
-47.46
-47.50
-47.33
-47.20
-47.12
-46.92
-46.95
-47.03
-47.03
-46.64
-46.82
-46.82
-46.42
-46.79
-46.89
-46.60
-46.76
-46.62
-46.40
-46.16
-46.25
-46.16
-46.23
-46.05
-46.15
-46.02
-45.78
-46.04
-45.60
-45.91
-46.15
-46.12
-46.08
-46.08
-45.98
-45.88
-45.66
-45.41
-45.60
-45.48
-45.43
-45.35
-45.44
-45.56
-45.70
-45.53
-45.67
-45.39
-45.52
-45.21
-45.01
-44.51
-44.81
-44.91
-44.97
-44.62
-44.86
-44.96
-44.97
-44.87
-45.03
-44.94
-44.88
-44.87
-44.89
-44.51
-44.58
-44.14
-44.37
-44.46
-44.36
-44.21
-44.10
-44.53
-44.50
-44.51
-44.22
-44.03
-44.12
-44.18
-44.06
-44.00
-44.03
-44.10
-44.03
-43.90
-43.71
-43.57
-44.08
-43.78
-43.73
-44.06
-43.76
-43.79
-43.84
-43.76
-43.58
-43.53
-43.74
-43.32
-43.40
-43.41
-43.32
-43.13
-43.32
-43.56
-43.58
-43.29
-43.52
-43.39
-43.41
-43.40
-43.28
-42.91
-42.98
-42.76
-42.76
-42.95
-42.86
-42.91
-42.76
-42.85
-43.02
-42.98
-42.99
-42.84
-42.71
-42.66
-42.27
-42.23
-42.31
-42.31
-42.41
-42.49
-42.36
-42.46
-42.67
-42.61
-42.46
-42.45
-42.48
-42.27
-42.59
-42.26
-42.19
-42.18
-42.00
-42.09
-42.08
-42.00
-42.02
-42.22
-42.11
-42.29
-42.23
-42.13
-42.24
-42.09
-41.76
-41.69
-41.69
-41.63
-41.80
-41.46
-41.55
-41.74
-41.61
-41.51
-41.84
-41.75
-41.59
-41.76
-41.61
-41.09
-41.26
-41.45
-41.19
-41.34
-41.10
-41.26
-40.97
-41.10
-41.20
-41.37
-41.55
-41.45
-41.51
-41.10
-41.13
-41.13
-40.98
-40.84
-40.85
-40.68
-40.74
-40.87
-40.82
-40.84
-40.79
-40.70
-40.97
-41.24
-40.90
-40.71
-40.60
-40.86
-40.36
-40.44
-40.43
-40.61
-40.36
-40.47
-40.40
-40.62
-40.42
-40.47
-40.70
-40.44
-40.25
-40.51
-40.51
-40.33
-40.23
-40.31
-40.34
-40.22
-40.05
-40.01
-40.09
-40.17
-40.11
-40.42
-40.28
-40.18
-40.07
-39.97
-39.92
-39.67
-39.86
-39.77
-39.55
-39.74
-39.56
-40.00
-39.85
-39.94
-40.10
-39.83
-39.65
-39.74
-39.82
-39.66
-39.78
-39.57
-39.45
-39.40
-39.48
-39.66
-39.44
-39.58
-39.90
-39.66
-39.68
-39.42
-39.38
-39.44
-39.34
-39.21
-38.98
-39.15
-39.10
-39.14
-39.11
-39.42
-39.33
-39.51
-39.49
-39.43
-39.40
-39.18
-39.14
-39.14
-39.03
-38.90
-38.73
-38.94
-38.67
-38.84
-38.65
-38.85
-38.98
-38.93
-38.92
-38.85
-38.76
-38.96
-38.91
-38.66
-38.69
-38.52
-38.55
-38.38
-38.31
-38.46
-38.51
-38.64
-38.79
-38.69
-38.33
-38.76
-38.60
-38.59
-38.46
-38.39
-38.48
-38.31
-38.05
-38.27
-38.30
-38.35
-38.53
-38.46
-38.54
-38.65
-38.45
-38.72
-38.43
-38.28
-38.28
-37.94
-38.07
-37.99
-38.08
-37.99
-38.06
-38.06
-38.07
-38.10
-38.06
-37.76
-38.18
-37.99
-38.01
-37.94
-37.95
-37.81
-37.60
-37.69
-37.82
-37.82
-37.73
-37.65
-37.83
-37.61
-37.79
-37.75
-37.84
-37.66
-37.75
-37.59
-37.44
-37.46
-37.55
-37.26
-37.48
-37.43
-37.19
-37.69
-37.38
-37.35
-37.63
-37.48
-37.49
-37.63
-37.46
-37.52
-37.31
-37.10
-37.27
-37.10
-37.08
-37.05
-37.23
-37.48
-37.40
-37.40
-37.23
-37.26
-37.27
-37.18
-36.97
-37.05
-37.10
-37.04
-36.82
-36.91
-36.79
-36.78
-37.07
-37.01
-37.01
-36.85
-37.02
-36.98
-36.98
-37.05
-36.87
-36.81
-36.60
-36.69
-36.77
-36.98
-36.83
-36.87
-36.65
-36.55
-37.07
-37.04
-36.90
-36.97
-36.80
-36.55
-36.77
-36.55
-36.55
-36.50
-36.59
-36.73
-36.58
-36.60
-36.60
-36.80
-36.58
-36.83
-36.63
-36.53
-36.53
-36.56
-36.39
-36.33
-36.38
-36.21
-36.29
-36.32
-36.29
-36.33
-36.38
-36.34
-36.38
-36.60
-36.44
-36.24
-36.38
-36.21
-36.25
-36.15
-36.15
-36.07
-36.37
-36.19
-36.21
-36.11
-36.24
-36.50
-36.21
-36.11
-36.10
-36.08
-36.15
-36.01
-36.04
-35.73
-36.04
-36.20
-36.10
-36.12
-35.99
-36.14
-36.09
-35.97
-36.15
-36.01
-36.06
-35.91
-35.98
-35.90
-35.95
-35.65
-35.74
-35.82
-35.82
-36.05
-36.10
-35.86
-35.98
-35.98
-35.97
-35.71
-35.84
-35.87
-35.81
-35.43
-35.53
-35.68
-35.64
-35.46
-35.59
-35.76
-35.93
-35.96
-35.85
-35.57
-35.69
-35.86
-35.65
-35.69
-35.65
-35.75
-35.58
-35.38
-35.51
-35.75
-35.68
-35.75
-35.87
-35.58
-35.66
-35.62
-35.48
-35.59
-35.56
-35.41
-35.54
-35.52
-35.53
-35.35
-35.53
-35.68
-35.70
-35.57
-35.39
-35.42
-35.43
-35.52
-35.49
-35.20
-35.36
-35.29
-35.21
-35.22
-35.20
-35.15
-35.32
-35.46
-35.74
-35.43
-35.49
-35.43
-35.44
-35.33
-35.26
-35.14
-35.45
-35.19
-35.07
-35.16
-35.04
-35.19
-35.66
-35.27
-35.57
-35.61
-35.54
-35.43
-35.19
-35.25
-35.08
-35.26
-35.12
-34.96
-35.02
-35.24
-35.19
-35.28
-35.29
-35.49
-35.28
-35.30
-35.42
-35.37
-35.26
-35.23
-35.33
-35.39
-35.01
-35.12
-35.03
-35.21
-35.04
-35.08
-35.23
-35.32
-35.30
-35.26
-35.20
-35.11
-35.01
-35.15
-35.11
-35.05
-35.03
-35.07
-35.12
-35.11
-35.30
-35.42
-35.26
-35.08
-35.39
-35.16
-34.97
-35.07
-35.42
-35.25
-35.18
-35.02
-35.03
-35.08
-35.17
-35.33
-35.34
-35.30
-35.20
-35.21
-35.38
-35.39
-35.24
-34.98
-35.01
-35.33
-35.27
-35.05
-34.96
-35.38
-35.26
-35.22
-35.11
-35.02
-35.23
-35.35
-35.23
-35.16
-35.21
-35.09
-35.25
-35.14
-34.84
-35.27
-35.21
-35.13
-35.15
-35.23
-35.20
-35.29
-35.35
-35.25
-35.18
-35.26
-35.10
-35.02
-35.11
-34.90
-35.19
-35.31
-35.11
-35.20
-35.14
-35.35
-35.29
-35.27
-35.32
-35.27
-35.25
-35.24
-35.18
-35.11
-34.98
-35.13
-35.05
-34.99
-35.25
-35.29
-35.40
-35.30
-35.44
-35.40
-35.32
-35.30
-35.17
-35.43
-35.26
-35.12
-35.16
-35.26
-35.22
-35.38
-35.49
-35.51
-35.56
-35.38
-35.26
-35.43
-35.51
-35.40
-35.47
-35.39
-35.33
-35.06
-35.23
-35.48
-35.44
-35.36
-35.30
-35.24
-35.25
-35.40
-35.42
-35.52
-35.42
-35.58
-35.36
-35.53
-35.41
-35.21
-35.34
-35.42
-35.46
-35.46
-35.43
-35.54
-35.61
-35.38
-35.62
-35.55
-35.59
-35.45
-35.60
-35.51
-35.49
-35.52
-35.22
-35.29
-35.57
-35.73
-35.65
-35.54
-35.66
-35.76
-35.75
-35.74
-35.57
-35.50
-35.43
-35.68
-35.46
-35.46
-35.45
-35.58
-35.70
-35.71
-35.52
-35.89
-35.79
-35.81
-35.57
-35.70
-35.63
-35.84
-35.89
-35.73
-35.91
-35.58
-35.62
-35.85
-36.08
-36.02
-35.65
-35.92
-36.10
-35.84
-35.73
-36.05
-35.74
-35.81
-35.87
-35.82
-35.91
-35.82
-36.00
-35.95
-35.95
-35.98
-36.00
-36.25
-36.05
-36.09
-36.18
-36.03
-36.18
-36.08
-36.17
-36.08
-36.11
-36.15
-36.10
-36.19
-36.31
-36.16
-36.18
-36.30
-36.48
-36.31
-36.27
-36.37
-36.17
-36.17
-36.27
-36.19
-36.30
-36.42
-36.25
-36.23
-36.32
-36.51
-36.52
-36.40
-36.65
-36.73
-36.48
-36.29
-36.59
-36.24
-36.51
-36.30
-36.34
-36.50
-36.64
-36.61
-36.80
-36.60
-36.50
-36.51
-36.54
-36.68
-36.73
-36.55
-36.49
-36.48
-36.60
-36.87
-36.86
-36.71
-36.83
-36.58
-36.99
-36.88
-36.83
-36.84
-36.70
-36.79
-36.92
-36.78
-36.66
-37.03
-36.85
-36.79
-36.84
-36.80
-37.16
-37.14
-36.96
-37.01
-37.21
-37.24
-37.05
-36.98
-37.07
-37.14
-37.04
-37.01
-37.10
-37.10
-37.07
-37.19
-37.20
-37.44
-37.25
-37.39
-37.42
-37.40
-37.47
-37.22
-37.15
-37.31
-37.16
-37.10
-37.33
-37.32
-37.39
-37.50
-37.47
-37.39
-37.49
-37.39
-37.71
-37.60
-37.50
-37.80
-37.84
-37.67
-37.51
-37.56
-37.72
-37.54
-37.64
-37.53
-37.73
-37.59
-37.86
-37.90
-37.81
-37.83
-37.83
-37.81
-37.96
-38.00
-38.02
-37.96
-37.84
-37.82
-37.86
-38.18
-38.06
-37.84
-38.11
-38.04
-38.25
-38.24
-38.22
-38.39
-38.20
-38.10
-38.18
-38.09
-38.18
-38.20
-38.08
-38.17
-38.28
-38.37
-38.36
-38.47
-38.37
-38.36
-38.41
-38.38
-38.46
-38.48
-38.59
-38.61
-38.52
-38.66
-38.68
-38.50
-38.91
-38.44
-38.63
-38.68
-38.78
-38.65
-38.70
-38.75
-38.71
-38.79
-38.87
-38.76
-38.77
-38.93
-39.05
-39.18
-38.93
-38.85
-38.94
-38.80
-38.79
-39.19
-38.96
-39.02
-38.94
-39.19
-38.98
-39.12
-39.14
-39.22
-39.16
-39.20
-39.27
-39.27
-39.32
-39.19
-39.33
-39.34
-39.39
-39.40
-39.38
-39.39
-39.70
-39.34
-39.55
-39.41
-39.54
-39.63
-39.52
-39.51
-39.71
-39.72
-39.63
-39.62
-39.62
-39.42
-39.80
-39.86
-39.83
-39.73
-39.91
-39.93
-39.91
-39.95
-40.46
-40.13
-40.06
-39.63
-39.86
-39.87
-39.96
-40.11
-39.98
-40.16
-40.17
-40.06
-40.29
-40.23
-40.11
-40.23
-40.28
-40.45
-40.23
-40.33
-40.21
-40.27
-40.39
-40.52
-40.74
-40.63
-40.45
-40.59
-40.77
-40.68
-40.81
-40.67
-40.72
-40.84
-40.77
-40.79
-40.73
-40.83
-40.78
-40.68
-40.74
-40.81
-40.84
-40.87
-40.86
-41.13
-41.09
-40.90
-41.18
-41.03
-40.80
-40.96
-40.97
-41.07
-41.07
-41.08
-41.15
-41.26
-41.27
-41.29
-41.43
-41.53
-41.54
-41.50
-41.28
-41.26
-41.39
-41.30
-41.48
-41.46
-41.76
-41.64
-41.65
-41.76
-41.73
-41.60
-41.73
-41.84
-41.81
-41.81
-41.75
-41.73
-41.61
-41.97
-41.81
-41.86
-41.98
-42.03
-42.12
-42.12
-42.12
-42.10
-42.12
-42.17
-42.14
-42.22
-41.96
-42.22
-42.37
-42.29
-42.29
-42.45
-42.35
-42.53
-42.40
-42.39
-42.51
-42.58
-42.60
-42.51
-42.70
-42.57
-42.60
-42.63
-42.72
-42.65
-42.52
-42.73
-42.65
-42.84
-42.84
-42.98
-42.98
-43.18
-43.06
-42.99
-42.95
-42.90
-42.98
-42.99
-42.99
-43.39
-43.16
-43.57
-43.15
-43.19
-43.42
-43.42
-43.36
-43.46
-43.45
-43.47
-43.54
-43.48
-43.51
-43.61
-43.46
-43.35
-43.50
-43.58
-43.76
-43.94
-43.77
-43.76
-44.08
-44.07
-44.04
-43.94
-43.96
-44.05
-44.01
-44.00
-43.95
-44.21
-44.14
-44.39
-44.28
-44.29
-44.40
-44.32
-44.51
-44.37
-44.38
-44.42
-44.29
-44.52
-44.48
-44.58
-44.70
-44.64
-44.72
-44.80
-44.70
-44.84
-44.95
-45.07
-45.00
-45.01
-44.94
-44.98
-44.89
-44.93
-44.92
-45.13
-45.10
-45.03
-45.33
-45.39
-45.17
-45.30
-45.38
-45.40
-45.48
-45.42
-45.54
-45.46
-45.56
-45.49
-45.66
-45.71
-45.88
-45.68
-45.80
-45.85
-45.95
-46.02
-45.96
-46.00
-46.06
-46.15
-45.93
-46.03
-46.25
-46.28
-46.12
-46.16
-46.32
-46.32
-46.41
-46.61
-46.33
-46.36
-46.57
-46.73
-46.78
-46.71
-46.75
-46.72
-46.79
-46.75
-46.88
-47.20
-47.13
-47.05
-47.14
-47.30
-47.26
-47.32
-47.31
-47.48
-47.35
-47.44
-47.36
-47.50
-47.45
-47.48
-47.60
-47.51
-47.63
-47.81
-47.91
-47.75
-47.96
-48.02
-48.02
-47.91
-48.06
-48.12
-48.07
-48.24
-48.10
-48.28
-48.47
-48.30
-48.65
-48.46
-48.51
-48.77
-48.77
-48.76
-48.96
-49.04
-48.95
-49.17
-49.05
-48.91
-49.00
-49.18
-49.21
-49.36
-49.32
-49.55
-49.54
-49.58
-49.71
-49.84
-49.77
-49.85
-49.68
-49.97
-49.95
-49.97
-50.06
-50.07
-50.29
-50.30
-50.33
-50.64
-50.79
-50.79
-50.75
-50.76
-50.78
-50.81
-50.83
-51.05
-51.25
-51.17
-51.03
-51.33
-51.19
-51.53
-51.40
-51.56
-51.62
-51.80
-51.93
-51.91
-52.02
-52.22
-52.17
-52.17
-52.24
-52.22
-52.51
-52.47
-52.44
-52.59
-52.94
-52.86
-52.96
-53.05
-53.02
-53.20
-53.29
-53.36
-53.46
-53.52
-53.37
-53.43
-53.58
-53.65
-53.67
-53.62
-53.78
-53.81
-53.99
-54.03
-53.98
-54.27
-54.12
-54.15
-54.21
-54.16
-54.05
-54.05
-54.03
-54.04
-54.01
-53.89
-53.83
-53.67
-53.72
-53.60
-53.57
-53.52
-53.44
-53.32
-53.27
-52.94
-52.75
-52.60
-52.58
-52.33
-52.00
-52.00
-51.68
-51.47
-51.36
-50.94
-50.75
-50.59
-50.34
-49.99
-49.84
-49.51
-49.12
-49.16
-48.75
-48.68
-48.17
-48.18
-47.85
-47.59
-47.06
-46.94
-46.39
-46.27
-45.95
-45.67
-45.61
-45.17
-45.10
-44.62
-44.34
-44.15
-43.94
-43.80
-43.54
-42.95
-42.94
-42.40
-42.31
-42.08
-41.79
-41.56
-41.46
-40.88
-40.69
-40.57
-40.28
-40.17
-39.87
-39.65
-39.41
-39.40
-39.16
-39.10
-38.68
-38.46
-38.30
-38.17
-38.00
-37.95
-37.80
-37.66
-37.61
-37.47
-37.42
-37.46
-37.40
-37.45
-37.33
-37.17
-36.97
-37.16
-36.96
-37.00
-37.29
-37.27
-37.17
-37.15
-37.42
-37.50
-37.50
-37.66
-37.56
-37.54
-37.83
-37.81
-37.93
-37.92
-37.94
-38.21
-38.34
-38.34
-38.32
-38.49
-38.78
-38.76
-38.94
-39.18
-39.39
-39.42
-39.45
-39.48
-39.60
-39.60
-39.90
-39.91
-40.10
-40.50
-40.47
-40.43
-40.62
-40.62
-40.77
-40.82
-40.91
-41.26
-41.20
-41.53
-41.40
-41.60
-41.65
-41.76
-41.94
-41.97
-41.96
-42.12
-42.31
-42.47
-42.61
-42.71
-42.59
-42.74
-42.76
-42.98
-43.14
-43.10
-43.08
-43.16
-43.40
-43.37
-43.60
-43.63
-43.74
-43.79
-43.85
-43.99
-44.08
-44.12
-44.23
-44.24
-44.39
-44.42
-44.53
-44.62
-44.50
-44.70
-44.72
-44.91
-45.05
-44.98
-45.17
-45.21
-45.41
-45.38
-45.37
-45.35
-45.30
-45.44
-45.69
-45.70
-45.74
-45.75
-45.82
-46.00
-46.04
-46.16
-46.19
-46.11
-46.32
-46.26
-46.27
-46.32
-46.26
-46.62
-46.46
-46.57
-46.75
-46.81
-46.83
-46.83
-46.88
-47.00
-46.94
-47.09
-47.09
-47.11
-47.22
-47.17
-47.40
-47.35
-47.20
-47.37
-47.31
-47.44
-47.58
-47.71
-47.83
-47.89
-47.82
-47.82
-47.89
-48.19
-48.06
-47.98
-47.95
-48.07
-48.12
-48.22
-48.18
-48.43
-48.31
-48.48
-48.55
-48.62
-48.48
-48.74
-48.62
-48.72
-48.82
-48.81
-48.86
-48.90
-48.82
-49.02
-48.98
-49.23
-49.06
-49.14
-49.28
-49.33
-49.37
-49.45
-49.52
-49.45
-49.56
-49.58
-49.52
-49.63
-49.51
-49.77
-49.58
-49.65
-49.89
-49.89
-50.05
-50.05
-50.04
-50.12
-50.09
-50.15
-50.04
-50.12
-50.18
-50.17
-50.19
-50.23
-50.51
-50.38
-50.43
-50.72
-50.91
-50.72
-50.78
-50.70
-50.71
-50.88
-50.79
-50.69
-51.05
-50.94
-50.96
-50.78
-51.13
-51.33
-51.30
-51.29
-51.26
-51.24
-51.38
-51.42
-51.55
-51.61
-51.44
-51.65
-51.52
-51.65
-51.56
-51.53
-51.78
-51.82
-51.99
-51.89
-51.92
-52.27
-52.00
-52.06
-52.21
-52.08
-52.24
-52.14
-52.16
-52.11
-52.42
-52.51
-52.54
-52.44
-52.58
-52.54
-52.57
-52.66
-52.70
-52.70
-52.73
-52.75
-52.81
-52.70
-52.67
-52.94
-52.88
-52.87
-53.05
-53.09
-53.30
-53.32
-53.38
-53.25
-53.44
-53.50
-53.45
-53.51
-53.35
-53.35
-53.43
-53.33
-53.61
-53.62
-53.79
-53.81
-53.77
-53.89
-53.88
-54.07
-54.06
-54.05
-54.05
-54.09
-54.13
-53.97
-54.03
-54.07
-54.23
-54.49
-54.31
-54.44
-54.49
-54.57
-54.58
-54.71
-54.67
-54.59
-54.66
-54.62
-54.81
-54.74
-54.87
-54.88
-54.96
-55.02
-55.08
-55.05
-55.05
-55.22
-55.29
-55.29
-55.16
-55.37
-55.39
-55.50
-55.48
-55.52
-55.48
-55.55
-55.53
-55.70
-55.69
-55.75
-55.79
-55.90
-55.99
-55.92
-55.94
-55.97
-56.17
-56.24
-56.19
-56.11
-56.15
-55.98
-56.15
-56.23
-56.48
-56.42
-56.62
-56.50
-56.59
-56.57
-56.56
-56.70
-56.74
-56.80
-56.83
-56.87
-56.79
-56.98
-56.93
-57.03
-57.04
-57.09
-57.24
-57.34
-57.41
-57.50
-57.28
-57.27
-57.44
-57.56
-57.43
-57.54
-57.61
-57.68
-57.91
-57.84
-57.76
-57.83
-57.86
-58.01
-58.12
-57.99
-58.03
-57.96
-58.10
-58.16
-58.20
-58.39
-58.42
-58.43
-58.40
-58.60
-58.69
-58.67
-58.71
-58.71
-58.78
-58.79
-58.73
-58.80
-58.79
-58.83
-58.90
-58.94
-58.96
-58.89
-59.32
-59.27
-59.30
-59.26
-59.35
-59.65
-59.46
-59.48
-59.43
-59.61
-59.43
-59.54
-59.64
-59.72
-59.49
-59.89
-59.78
-59.70
-59.88
-59.88
-60.10
-59.90
-59.92
-60.17
-60.05
-59.80
-59.94
-59.93
-59.92
-60.07
-60.05
-60.22
-60.13
-60.33
-60.13
-60.17
-59.84
-60.15
-60.10
-59.93
-59.92
-59.85
-59.77
-59.72
-59.54
-59.68
-59.73
-59.59
-59.47
-59.29
-59.33
-59.22
-58.97
-59.02
-58.85
-58.79
-58.43
-58.26
-58.12
-57.81
-57.75
-57.59
-57.49
-57.19
-56.89
-56.77
-56.76
-56.65
-56.20
-56.19
-56.05
-55.68
-55.57
-55.31
-54.91
-54.88
-54.89
-54.50
-54.45
-54.13
-53.97
-53.89
-53.78
-53.78
-53.52
-53.47
-53.18
-53.01
-52.94
-52.81
-52.78
-52.89
-52.72
-52.60
-52.71
-52.66
-52.51
-52.50
-52.71
-52.68
-52.69
-52.82
-52.87
-52.93
-52.73
-52.78
-52.87
-53.23
-53.11
-53.34
-53.27
-53.52
-53.49
-53.63
-53.78
-53.80
-54.17
-54.03
-54.22
-54.16
-54.40
-54.46
-54.54
-54.60
-54.87
-55.04
-55.29
-55.09
-55.35
-55.53
-55.85
-55.71
-55.94
-55.93
-56.09
-56.18
-56.34
-56.53
-56.36
-56.57
-56.68
-56.65
-57.02
-57.22
-57.08
-57.15
-57.51
-57.50
-57.64
-57.52
-57.73
-57.81
-57.84
-57.90
-57.93
-58.04
-58.16
-58.15
-58.27
-58.50
-58.62
-58.64
-58.65
-58.74
-58.86
-58.93
-58.90
-59.14
-59.12
-59.19
-59.28
-59.20
-59.38
-59.56
-59.64
-59.76
-59.66
-60.03
-59.97
-59.98
-60.18
-60.16
-60.09
-60.28
-60.30
-60.33
-60.52
-60.42
-60.59
-60.47
-60.56
-60.83
-60.82
-60.87
-61.01
-61.07
-61.24
-61.16
-61.31
-61.23
-61.34
-61.40
-61.31
-61.50
-61.58
-61.60
-61.55
-61.68
-61.88
-61.90
-62.02
-62.02
-61.95
-61.88
-61.92
-62.10
-62.22
-62.17
-62.45
-62.35
-62.28
-62.43
-62.61
-62.54
-62.69
-62.65
-62.81
-62.82
-62.95
-62.98
-62.90
-63.03
-63.25
-63.06
-63.23
-63.18
-63.30
-63.53
-63.47
-63.33
-63.48
-63.51
-63.54
-63.56
-63.60
-63.51
-63.71
-63.74
-63.87
-64.02
-63.69
-63.99
-64.22
-64.13
-64.17
-64.15
-64.38
-64.39
-64.58
-64.37
-64.91
-64.79
-64.65
-64.77
-64.85
-64.62
-64.88
-64.77
-64.86
-65.10
-65.20
-65.03
-65.34
-65.18
-65.56
-65.29
-65.44
-65.54
-65.53
-65.54
-65.57
-65.53
-65.62
-65.93
-65.72
-65.91
-65.83
-65.98
-66.04
-66.52
-66.05
-66.28
-66.36
-66.42
-66.46
-66.40
-66.36
-66.34
-66.54
-66.98
-66.67
-66.94
-66.77
-66.84
-66.42
-66.83
-66.99
-66.90
-67.22
-67.59
-67.34
-67.31
-67.15
-67.32
-67.61
-67.48
-68.19
-68.07
-68.09
-67.72
-68.39
-68.02
-67.95
-68.32
-68.23
-68.66
-67.95
-68.30
-68.43
-69.00
-68.49
-68.53
-69.05
-69.20
-69.14
-69.05
-68.75
-69.38
-69.39
-69.20
-69.12
-69.33
-69.63
-69.81
-70.35
-69.80
-69.32
-69.99
-69.82
-70.01
-70.60
-70.51
-70.96
-70.35
-70.96
-70.83
-70.72
-71.25
-71.21
-71.48
-70.62
-71.72
-72.30
-71.93
-71.52
-72.56
-72.10
-72.48
-73.06
-72.99
-72.35
-73.04
-71.98
-73.12
-73.67
-72.70
-74.19
-74.26
-74.83
-75.51
-75.00
-74.01
-75.12
-74.13
-75.47
-76.66
-75.91
-74.27
-77.84
-75.30
-73.96
-75.79
-79.32
-76.52
-76.30
-77.83
-74.91
-77.56
-75.66
-77.19
-75.79
-79.48
-75.48
-78.22
-74.14
-74.64
-75.03
-75.32
-74.28
-73.51
-73.98
-72.19
-72.57
-72.18
-72.01
-70.94
-70.10
-69.81
-69.31
-69.65
-69.65
-68.29
-67.49
-67.34
-66.83
-66.49
-66.20
-65.52
-65.50
-64.96
-64.44
-64.36
-64.12
-63.44
-63.31
-62.76
-62.51
-62.27
-61.90
-61.54
-61.51
-61.25
-61.10
-60.87
-60.65
-60.53
-60.23
-60.28
-60.06
-59.81
-59.84
-59.81
-59.50
-59.65
-59.62
-59.48
-59.50
-59.46
-59.41
-59.57
-59.62
-59.64
-59.64
-59.66
-59.71
-59.67
-59.76
-59.81
-59.87
-60.02
-60.15
-60.36
-60.17
-60.24
-60.36
-60.44
-60.61
-60.69
-60.72
-60.87
-60.90
-60.97
-61.14
-61.23
-61.43
-61.23
-61.55
-61.77
-61.71
-61.76
-61.81
-62.15
-62.05
-62.30
-62.49
-62.32
-62.48
-62.62
-62.64
-62.65
-62.74
-62.94
-62.90
-62.90
-62.98
-63.19
-63.34
-63.41
-63.49
-63.55
-63.57
-63.46
-63.54
-63.60
-63.54
-63.76
-63.80
-63.96
-64.05
-64.08
-64.21
-64.27
-64.24
-64.17
-64.27
-64.31
-64.52
-64.91
-64.34
-64.59
-64.51
-64.63
-64.78
-64.68
-64.77
-64.97
-65.17
-65.29
-65.12
-64.97
-65.05
-65.14
-64.96
-65.27
-65.43
-65.41
-65.48
-65.40
-65.65
-65.69
-65.46
-65.39
-65.80
-65.64
-65.79
-65.71
-65.63
-65.81
-65.85
-66.05
-66.10
-65.84
-65.77
-66.11
-66.18
-66.34
-66.07
-66.17
-66.45
-66.42
-66.33
-66.34
-66.35
-66.40
-66.58
-66.40
-66.54
-66.59
-66.90
-66.95
-66.78
-66.64
-66.87
-66.71
-66.82
-66.57
-66.63
-67.27
-66.77
-67.04
-66.84
-67.11
-66.83
-66.97
-67.29
-67.20
-67.05
-67.19
-67.25
-67.11
-66.97
-67.02
-67.26
-67.31
-67.78
-66.97
-67.04
-67.45
-67.57
-67.19
-67.18
-68.09
-67.44
-67.69
-67.52
-67.20
-67.71
-67.54
-67.44
-67.81
-67.79
-67.41
-67.59
-67.52
-67.71
-67.93
-67.88
-67.95
-67.87
-68.02
-67.89
-68.60
-68.02
-68.01
-68.24
-68.22
-67.93
-68.49
-67.90
-68.36
-68.64
-68.14
-67.78
-68.35
-68.37
-67.84
-68.08
-68.42
-68.53
-68.24
-68.19
-68.56
-68.44
-68.22
-68.52
-67.79
-68.12
-68.70
-68.67
-68.49
-68.46
-68.77
-69.05
-68.80
-68.44
-68.16
-68.47
-68.52
-69.02
-68.54
-68.79
-68.39
-68.41
-68.37
-68.90
-68.39
-69.01
-68.60
-68.62
-68.75
-68.38
-68.80
-69.23
-68.85
-69.29
-69.40
-68.96
-68.83
-69.33
-68.63
-68.82
-69.06
-68.82
-69.10
-69.03
-69.74
-68.91
-69.44
-69.55
-68.96
-69.44
-69.16
-69.58
-69.23
-69.01
-69.04
-69.00
-69.71
-69.57
-68.96
-69.43
-70.03
-69.73
-69.87
-69.07
-69.31
-70.16
-69.68
-69.19
-70.03
-70.20
-70.36
-70.67
-70.23
-69.86
-71.23
-70.81
-70.96
-70.96
-71.76
-70.57
-72.35
-71.67
-72.38
-72.22
-72.30
-73.26
-73.25
-74.13
-73.82
-73.21
-73.64
-74.08
-75.85
-75.28
-75.89
-75.96
-74.92
-77.71
-79.26
-82.36
-78.53
-78.27
-76.58
-76.90
-83.63
-75.72
-78.13
-76.66
-79.19
-78.43
-77.83
-76.81
-75.52
-75.16
-77.53
-77.10
-76.95
-74.23
-74.93
-76.19
-76.83
-73.32
-74.89
-73.90
-76.51
-75.39
-74.25
-74.04
-78.45
-76.67
-74.42
-72.95
-74.87
-74.19
-74.62
-73.55
-72.95
-72.88
-72.48
-73.88
-73.96
-75.25
-73.15
-74.19
-73.51
-73.86
-74.24
-73.68
-73.33
-73.96
-74.11
-73.84
-73.59
-72.70
-74.42
-73.14
-72.15
-73.81
-73.06
-72.60
-74.27
-72.94
-73.83
-73.39
-72.64
-73.54
-72.70
-73.21
-73.54
-73.32
-73.44
-72.46
-73.25
-72.82
-72.69
-72.78
-73.96
-72.61
-74.35
-74.42
-72.78
-72.97
-72.59
-73.60
-73.17
-74.74
-74.50
-73.31
-74.82
-73.81
-73.50
-73.42
-74.63
-74.43
-73.01
-73.51
-72.03
-74.16
-72.29
-73.61
-73.09
-72.67
-72.51
-72.25
-74.71
-73.33
-72.43
-75.95
-73.19
-73.58
-73.37
-73.75
-73.85
-72.77
-72.16
-73.28
-72.24
-72.95
-74.64
-75.49
-72.78
-72.61
-74.86
-73.71
-74.02
-73.19
-72.96
-73.73
-72.83
-73.79
-74.29
-74.58
-72.78
-73.77
-73.37
-73.23
-75.52
-75.66
-72.93
-74.20
-72.93
-72.38
-72.45
-73.41
-75.40
-73.79
-73.73
-74.12
-73.85
-72.98
-74.32
-74.74
-73.59
-74.20
-73.55
-77.15
-73.69
-72.81
-73.68
-74.35
-74.28
-73.42
-74.57
-72.60
-73.01
-73.31
-74.69
-74.53
-74.85
-74.92
-75.44
-74.51
-75.11
-73.88
-73.28
-74.12
-75.05
-73.89
-74.11
-74.20
-74.48
-73.45
-74.41
-75.29
-75.14
-76.65
-75.08
-73.72
-75.73
-74.42
-74.16
-73.74
-74.55
-74.54
-73.33
-74.48
-74.24
-75.27
-75.57
-74.90
-74.10
-74.98
-75.21
-76.62
-74.57
-75.38
-76.91
-74.71
-74.61
-75.56
-74.56
-75.26
-75.66
-75.94
-74.45
-75.28
-74.95
-76.77
-76.04
-74.85
-75.36
-76.36
-73.70
-74.23
-81.26
-78.91
-75.74
-77.87
-75.55
-75.81
-77.21
-80.20
-77.13
-79.56
-76.72
-77.37
-76.29
-78.83
-86.75
-84.84
-77.08
-78.15
-78.70
-82.66
-77.01
-81.25
-76.72
-210.00
-81.74
-80.17
-77.22
-84.70
-86.20
-78.33
-78.99
-78.66
-78.87
-80.13
-77.53
-79.63
-78.51
-80.74
-76.44
-76.09
-76.90
-75.91
-77.55
-85.55
-77.39
-77.20
-76.17
-74.97
-77.23
-76.81
-75.39
-74.38
-77.37
-76.56
-76.03
-77.31
-74.87
-75.60
-75.37
-78.57
-75.79
-75.96
-75.97
-75.34
-80.87
-75.14
-75.40
-75.71
-76.21
-75.71
-75.20
-77.08
-75.50
-74.78
-75.71
-75.69
-76.80
-75.51
-74.93
-76.97
-78.38
-76.15
-75.05
-74.59
-75.19
-76.69
-77.44
-78.10
-76.92
-76.57
-74.63
-77.87
-75.92
-75.37
-75.51
-77.70
-78.63
-76.24
-74.62
-74.76
-78.02
-75.07
-74.29
-78.17
-75.56
-75.91
-75.44
-74.84
-75.01
-79.44
-76.76
-74.40
-81.04
-76.47
-75.19
-77.30
-77.52
-75.30
-78.41
-81.79
-77.27
-75.99
-77.43
-77.56
-80.54
-76.04
-75.36
-74.39
-74.04
-75.64
-79.87
-73.77
-76.21
-76.48
-75.24
-77.25
-73.86
-77.03
-75.97
-76.59
-76.86
-74.74
-76.41
-74.95
-76.30
-76.80
-75.96
-75.54
-75.73
-77.20
-74.05
-76.71
-75.92
-78.62
-75.44
-76.14
-77.44
-77.95
-79.57
-75.74
-78.28
-76.42
-75.12
-77.20
-76.60
-79.66
-75.16
-75.76
-74.65
-75.59
-78.42
-78.44
-83.75
-74.99
-77.29
-75.48
-75.87
-75.38
-77.50
-77.13
-76.96
-76.23
-77.64
-80.96
-79.43
-75.82
-77.58
-77.22
-80.72
-76.38
-75.14
-76.88
-76.60
-74.25
-77.57
-73.93
-75.43
-76.35
-76.52
-75.97
-79.84
-76.19
-76.62
-77.95
-78.64
-76.34
-77.65
-75.84
-210.00
-74.51
-76.76
-74.46
-76.40
-78.55
-77.39
-76.99
-76.38
-81.00
-85.50
-75.84
-74.56
-77.59
-75.85
-75.51
-78.71
-79.42
-76.19
-79.03
-78.25
-74.98
-76.25
-78.02
-76.92
-79.41
-75.31
-76.36
-77.22
-77.35
-76.94
-75.80
-80.25
-74.91
-78.78
-77.04
-76.78
-76.03
-82.19
-76.84
-82.53
-210.00
-79.77
-81.32
-82.70
-83.81
-84.35
-79.37
-84.59
-84.71
-210.00
-80.77
-82.19
-86.36
-85.72
-210.00
-79.90
-83.60
-77.33
-78.68
-80.79
-79.32
-77.46
-82.50
-81.92
-80.03
-78.61
-83.48
-75.43
-210.00
-79.27
-81.06
-79.58
-79.77
-78.89
-78.04
-77.64
-78.18
-80.49
-92.54
-79.25
-77.57
-210.00
-79.99
-210.00
-87.23
-210.00
-78.20
-75.77
-80.54
-210.00
-79.76
-84.68
-81.45
-83.83
-80.64
-76.43
-79.71
-79.07
-84.95
-76.29
-79.37
-81.03
-75.87
-79.10
-81.01
-82.21
-78.05
-78.12
-79.34
-82.12
-210.00
-79.53
-84.71
-210.00
-77.39
-77.53
-77.40
-210.00
-210.00
-85.69
-78.37
-78.57
-210.00
-79.81
-78.48
-78.72
-83.77
-78.45
-76.03
-82.06
-77.42
-87.40
-77.79
-78.46
-78.65
-75.91
-95.73
-79.29
-79.35
-80.24
-80.40
-77.61
-86.52
-80.56
-78.22
-82.21
-210.00
-78.15
-86.35
-87.78
-105.63
-210.00
-77.65
-81.47
-81.93
-75.59
-80.42
-77.52
-76.90
-77.87
-76.41
-76.49
-81.84
-78.86
-79.56
-76.91
-76.81
-86.67
-79.52
-78.45
-80.50
-210.00
-76.71
-79.13
-80.34
-79.12
-77.36
-85.27
-210.00
-210.00
-80.05
-78.75
-77.35
-76.79
-76.89
-83.86
-81.10
-80.42
-76.42
-76.29
-77.21
-85.70
-83.80
-77.69
-75.22
-81.62
-108.86
-77.27
-79.25
-210.00
-210.00
-76.83
-77.00
-77.70
-210.00
-77.50
-77.10
-80.70
-84.13
-77.68
-77.88
-77.89
-75.85
-79.46
-77.85
-81.20
-79.73
-83.27
-81.35
-80.65
-77.47
-85.83
-78.83
-78.18
-77.22
-77.92
-81.22
-79.25
-76.49
-80.79
-77.94
-77.97
-78.27
-78.42
-77.26
-80.94
-77.45
-80.28
-78.08
-78.41
-88.73
-99.96
-78.79
-77.56
-77.75
-77.57
-77.33
-80.10
-80.22
-76.90
-92.74
-82.80
-87.18
-80.68
-85.87
-84.05
-77.97
-78.01
-77.80
-78.18
-79.15
-88.04
-75.25
-79.04
-89.86
-90.36
-210.00
-84.60
-210.00
-77.13
-82.47
-81.18
-79.87
-79.53
-85.75
-75.67
-83.48
-87.80
-89.02
-82.34
-88.59
-81.00
-79.42
-210.00
-78.09
-83.78
-80.46
-79.42
-79.64
-81.47
-80.90
-83.17
-79.27
-81.07
-81.97
-76.42
-210.00
-85.74
-77.75
-80.61
-77.11
-82.22
-85.21
-84.21
-84.58
-82.33
-77.82
-210.00
-79.74
-210.00
-210.00
-83.25
-83.97
-78.62
-76.82
-80.81
-85.39
-210.00
-78.69
-80.19
-77.34
-86.12
-81.18
-210.00
-75.82
-79.52
-79.26
-79.81
-77.81
-210.00
-77.63
-79.76
-82.32
-81.58
-81.34
-210.00
-78.43
-210.00
-210.00
-82.28
-84.24
-76.81
-210.00
-210.00
-81.82
-80.92
-81.72
-80.61
-92.10
-210.00
-85.21
-210.00
-77.36
-78.99
-78.31
-81.05
-210.00
-77.48
-79.63
-79.83
-78.20
-87.20
-78.26
-94.98
-77.88
-210.00
-210.00
-210.00
-210.00
-79.12
-81.16
-210.00
-82.79
-76.85
-80.81
-83.83
-92.95
-79.12
-77.80
-77.31
-79.39
-210.00
-79.41
-81.18
-81.37
-77.34
-77.69
-76.61
-77.35
-210.00
-80.30
-85.28
-82.06
-79.28
-210.00
-88.79
-83.50
-91.88
-79.14
-77.63
-80.13
-77.36
-82.30
-84.03
-78.38
-81.07
-79.74
-80.76
-99.98
-210.00
-78.69
-76.57
-82.98
-87.09
-77.81
-82.66
-82.66
-79.72
-210.00
-79.99
-83.01
-78.90
-210.00
-210.00
-77.87
-82.85
-82.64
-210.00
-76.90
-80.34
-210.00
-80.16
-95.37
-77.96
-76.49
-85.02
-210.00
-81.59
-79.25
-77.74
-85.16
-78.85
-83.02
-80.78
-81.82
-76.74
-77.50
-83.60
-210.00
-210.00
-82.15
-77.50
-78.86
-210.00
-80.38
-210.00
-86.46
-79.70
-81.44
-86.33
-78.66
-77.31
-78.17
-84.59
-82.13
-210.00
-79.63
-75.56
